0.9999997886552918 6.565505108914031e-16 4.843466042846448e-22 1.1299733949352762e-11 5.954982248676772e-11 4.1208617323168644e-14 2.112567551546855e-07 1.7126973996588968e-20 1.7051526867617722e-11 1.0088601186480677e-14 
4.785454977771402e-07 9.765339796855399e-13 2.441384885832381e-06 2.7754399169749393e-06 0.9999942653352359 5.761553651657594e-19 3.497614904730216e-08 3.0533524891200905e-09 5.470060481945556e-10 7.169792308291401e-10 
5.089887499897958e-09 3.325104950099473e-09 1.813401407439703e-11 3.5693816337677603e-10 0.15632796091143109 0.19462729570424075 0.2572004476246495 0.3918438990514634 8.05856418456865e-09 3.7985958629361497e-07 
0.9999999999999527 4.7032937097667637e-17 5.29315222844188e-19 4.6937307123105536e-14 5.802193771057818e-19 1.4056972076055586e-23 7.996977084765164e-16 2.2551877436730813e-21 2.6904067289352535e-20 1.5705035834470557e-18 
9.582064051552562e-19 9.685003948310191e-14 5.758613129020585e-16 1.124511393100714e-21 1.2407392605908158e-14 3.773514322244339e-14 2.34028706359284e-13 0.9999999999965051 3.932761494020995e-13 2.719875566543211e-12 
2.2353950656792023e-16 1.666446169559612e-14 1.2679827822412194e-10 3.9435423306415955e-13 3.635267497542878e-08 0.9999998173614968 3.1966392195301807e-11 1.4609667246235517e-07 2.900846844162249e-11 9.710468196939179e-13 
4.281468662149437e-11 3.4081583255034326e-11 9.313437077198223e-12 3.097444318815219e-12 5.330384535923355e-13 2.21529028293547e-09 3.537143765788704e-18 0.999999782347422 2.8332540064526307e-15 2.1534744445272635e-07 
2.7062335187536585e-15 0.9999999983244671 2.0839079050520834e-16 1.4276263052034253e-15 2.612375196578116e-17 1.5436050976597696e-19 1.0749062855019688e-19 4.841946353919739e-18 1.6755287338832497e-09 4.5089826418867986e-18 
0.0002465891098917262 3.7477944302799e-07 0.7261832951010083 0.2735299351344784 2.491100160004815e-08 2.2339259754757632e-07 3.955713667524324e-05 2.3590653548767165e-17 2.1056533148307285e-11 4.138477119587373e-10 
0.9999999995282789 3.114206179786042e-16 7.569073376604459e-19 4.717048850436123e-10 1.7461196354863352e-16 1.1057569261103614e-18 1.5963680237660982e-14 9.15524056138412e-20 8.311689433331529e-20 1.99857102617121e-23 
4.1228802562102344e-09 7.749476725879031e-12 5.1367685631595294e-15 0.9999785567881316 1.7879750476341998e-14 2.2568761841982045e-11 3.772037449429788e-12 5.930120867900965e-11 1.284129671236389e-05 8.597698861296108e-06 
2.5317581121382375e-10 1.1481174753270818e-12 3.745373275517175e-15 1.5742655147313726e-11 2.857532504787943e-13 3.2453028006376713e-12 9.557872680048391e-12 0.9999999997168395 7.450852507470904e-16 7.137779158231565e-16 
0.9999999995361287 2.5676531129517118e-18 3.944980514668911e-13 3.747912648885815e-10 5.624346287765688e-12 1.3521744477009991e-17 7.51930267898834e-15 2.464290966745325e-23 8.305392059062164e-11 3.966877156080006e-16 
3.2560659315817706e-10 2.3148577378679967e-10 9.659475808902867e-14 4.0115676503422573e-14 5.287298461556235e-11 2.2818361401609156e-07 0.9999993237419829 4.85584588147098e-10 4.469784124180667e-07 3.0385955021662814e-13 
4.995268584356987e-14 4.210411634199782e-12 5.734569803657789e-13 1.452245755909249e-13 3.311940200774109e-17 2.7249434639551926e-09 4.834644040725512e-15 1.9109247333108235e-18 7.329614012726679e-17 0.9999999972700728 
8.6901239502385945e-16 1.40816837794052e-12 2.1792291104068385e-09 9.317442400489804e-16 3.2684732126300865e-14 2.4321316042101636e-14 0.9999999978107238 8.56884822801722e-12 1.124059847031814e-14 1.4726473741879716e-16 
4.65701231807524e-13 4.2359944916632107e-16 2.5922296937244094e-16 5.8077051219323364e-11 8.164104236284581e-11 8.500603407022914e-16 2.0331679631606238e-11 0.9863422763906681 0.01365772344779792 1.017311889687407e-12 
7.55172973566495e-14 1.318597484571779e-13 2.970421640361484e-13 1.161496213374564e-15 2.6665320087740138e-14 1.0266504574797073e-15 7.1179374430480705e-19 1.1349897852887963e-13 2.867810060868715e-15 0.9999999999993504 
0.035402517612978614 0.0030998131615007584 8.842088211591998e-05 2.5480754457048268e-05 8.446623446348117e-13 0.9613663005382402 6.342782705760616e-10 1.548413068938338e-05 1.982281853887691e-06 3.0409085186269354e-12 
0.6808854852043605 1.4410648401154363e-16 1.4416629971759258e-13 0.3191144912038595 7.983385044938701e-10 2.7531361198988884e-13 2.875828528943814e-15 7.621634542504197e-16 2.2624278157869164e-08 1.6874046673151749e-10 
3.0375746770637306e-06 1.0277496009754982e-09 0.1839042706303452 0.8160918629989058 8.72717945929043e-08 3.884233602708959e-08 4.39177351276831e-07 3.3691087862243818e-12 9.358653436274119e-11 2.6237988476621933e-07 
7.308162094017271e-11 4.18192363355479e-14 0.9999999987521678 1.979561696033068e-13 3.1288316623424e-16 7.918813631763222e-10 8.962177152361138e-14 2.774484151933891e-11 2.190155134812744e-17 3.547945528811527e-10 
4.225613250338439e-12 6.707578723448679e-11 1.269736406479904e-10 2.718757435508318e-13 0.9999999062268362 9.351427006667332e-08 1.3243002917185156e-12 1.3472095479208047e-11 4.5400542858856346e-11 1.499196951586e-13 
3.463877124195163e-07 0.999999397214449 2.196012517503112e-13 2.1755311458031025e-07 4.581431294046213e-09 1.3873304903935032e-11 1.0113020923801117e-09 3.258599830238258e-14 2.490016613705576e-10 3.298886364561536e-08 
5.943730575305859e-06 1.3037081736476366e-13 0.9997301179218309 9.426805087074769e-14 0.00016083559000770793 1.2421030795511596e-13 0.00010310275116844516 1.522923652329078e-23 6.067701157211863e-12 1.4018285988891515e-15 
1.5585189022765146e-08 7.853573728370384e-11 3.1120571696658646e-09 0.9999999801478866 3.7354541697686604e-10 4.693225040492685e-16 5.372279455776756e-12 6.888589704556056e-10 8.550747806424524e-12 3.640124804436945e-15 
8.829785211053567e-12 1.030303763357613e-15 3.198941094779781e-16 1.012082003861396e-16 0.9999999999744291 1.5858693934972498e-11 6.214930948263655e-14 1.7438092224734115e-13 2.246485497675803e-15 6.420252271348638e-13 
0.9999999998713779 1.0018699223092892e-10 1.0816810119501912e-17 3.0679627897268464e-16 1.5261928692803419e-15 6.715948526850177e-19 1.1706621133945862e-14 5.0963505021837294e-17 2.8421529221365882e-11 7.008109206862854e-20 
1.21476654171185e-07 9.198885501781909e-10 1.363750260933953e-12 5.026288566795161e-07 7.889442906713785e-10 9.120395464209488e-11 2.627257043918083e-12 0.9999993728514971 8.166218602660131e-12 1.2307980065734959e-09 
9.020490473991169e-14 9.065713329520141e-14 6.531126802897981e-14 1.4141436626678135e-14 4.1993635746459123e-13 0.9999999999950981 5.848930848217063e-13 6.793654299876173e-15 3.5862758979624918e-12 4.3460915077766386e-14 
2.0762440610563037e-06 1.7336818111543806e-07 3.919577316903685e-06 6.689970779551518e-08 1.4263550965176798e-05 2.837013641200339e-10 0.9994904511886311 0.0004890487536672914 9.599838741334162e-14 1.336719100730205e-10 
0.6215388167735169 4.750231949950342e-12 0.3784610986930531 8.185019960652673e-08 1.8415273583584893e-11 2.7090322470036525e-11 2.6323911862084485e-09 4.75236721485747e-19 5.811535551307624e-13 2.074499843930052e-15 
9.469779597412015e-21 0.9999999997001962 1.4585682759997037e-17 3.515092776324189e-15 9.378787682362248e-15 2.5354849241225663e-10 1.016805392516467e-11 3.8078847723408655e-17 2.5256661079776408e-14 3.6049344445259055e-11 
1.1202013984567513e-16 1.0191181345149084e-11 1.8971797667100073e-12 1.6489405121387532e-11 2.49471205050351e-12 0.9999999994220078 2.59374413542156e-12 5.243801978994077e-10 6.987476881702927e-14 1.9875848794574824e-11 
8.660877686610873e-12 1.097638750725794e-12 2.415633509194607e-11 1.521009316643349e-09 9.316417508495013e-18 1.542598287308795e-14 2.3027273892816045e-09 1.600026457509921e-11 5.801236945523808e-11 0.9999999960683207 
3.1457892566592025e-09 0.9793713398169419 1.8148471320586726e-07 0.019959939289036086 0.00010929744603781316 6.992950061200125e-10 0.0005592379038326113 9.32377668300554e-14 1.1075329236729061e-10 1.035071234304145e-10 
8.88762654541661e-13 9.696194552028118e-12 1.2934465232929272e-11 6.9701322363849375e-15 1.804628031049038e-09 0.9999258785347662 2.4928613259600724e-14 5.702635681131331e-16 1.0666009918669757e-08 7.410897104424289e-05 
6.374812737315981e-11 0.999999958843396 1.215888156603929e-08 3.1175179565592643e-10 2.8806338873888203e-10 8.867588460749006e-11 2.9806207242282294e-10 2.790876134228423e-08 1.4177683121659718e-17 3.865983540806974e-11 
0.0001357918645506239 7.004664746503003e-08 2.1546699152015677e-17 0.8454844197044508 0.15437970099716447 4.687726799664159e-09 7.109324408400816e-15 1.2699452789474579e-08 2.1502770561289837e-16 1.943423127736098e-17 
9.475008074474532e-16 3.5768360462462766e-17 2.948921974868465e-09 0.9999999969992026 6.737048740815055e-15 8.431681681591648e-13 4.0960318001504556e-15 6.71350452712717e-13 5.034853762387294e-11 3.3753653536567553e-16 
8.803147548347445e-06 0.0494903897305677 2.1241811289144148e-07 1.99733770816592e-06 0.9504493240423083 1.5968195529982854e-08 4.884792029052956e-06 4.4361419172768386e-05 2.05439081379824e-11 1.112381338519381e-08 
5.4299520284051375e-09 8.739929633569367e-13 0.0002120335331556458 1.120097128003968e-06 2.69313192523066e-16 1.469533351597357e-14 0.9997712450987016 2.6751968646952985e-11 1.6219690848188014e-09 1.5594191452656026e-05 
5.304578658135893e-13 1.466638665552757e-12 1.3060253110342494e-10 3.897616932206711e-16 0.00018773393683548407 2.3835770310428195e-09 0.9998122630228305 5.241541222424465e-10 2.024775207304696e-15 5.975674889002027e-16 
1.0542901975282342e-11 9.404890166635966e-11 6.391411154142698e-11 1.1979132653301357e-09 4.4990862242101e-09 0.9999999941344888 2.6929337308746944e-15 1.7853477078389056e-16 2.278291564172599e-15 5.47488449818037e-16 
1.1106071474600214e-12 9.662735279078162e-12 2.7853919812600468e-12 1.7191536917074098e-10 2.242904671063956e-14 8.677896423367209e-10 6.3678524766392466e-12 0.9999999989403401 1.302727047336618e-17 5.65001051539864e-15 
6.471438577696168e-10 3.6121984728858583e-12 0.9999998762681234 1.050798374615821e-09 2.3481600027826334e-10 3.8174321827220196e-14 1.0111867550125924e-07 1.565059714590859e-12 2.2256703646199486e-10 2.0452660632087397e-08 
1.1698269042764377e-19 5.390139813851033e-16 0.9999999801233714 8.019023237181319e-15 7.31981771629987e-11 3.3017426579900175e-14 7.78516966345186e-10 1.780476389529263e-16 8.761135312285568e-19 1.9024871744102955e-08 
3.5759361088204286e-11 5.745742168762354e-11 2.2478014593433476e-08 1.4813272609097843e-13 0.022642931000409736 1.504818407900448e-08 7.707268706567745e-10 6.926925634853902e-14 4.0421638153605747e-13 0.9773570306088265 
7.62546371515218e-15 4.847183647977614e-16 9.874048688569175e-21 9.42321160227513e-10 7.50515321870479e-14 1.2958464822658111e-17 5.38827688807392e-12 1.149211213524796e-09 0.9999999979029738 2.2421613306678402e-14 
2.2260648456991558e-10 5.023279138168172e-13 1.2457061372739193e-13 2.972735119319726e-15 0.999999525605454 4.7412557818313675e-07 1.170009461697062e-12 2.05344951508407e-14 4.453596439730738e-11 5.1604191445273884e-15 
1.0057509908786829e-14 1.5177966012425518e-13 5.085133109863867e-16 1.1796260861677497e-08 1.0347473048317747e-17 1.1539931909150468e-05 1.183166788202131e-16 5.992652168921857e-15 0.9999884482716617 3.2965647451157964e-23 
1.1551355149857896e-22 1.2342495995661326e-14 4.0846408658074956e-14 5.2568052131954574e-17 3.5430546954492245e-14 8.920618771769156e-13 0.9999999998612302 1.3778888724141205e-10 1.3897146995548746e-16 1.2761147637583246e-17 
6.330192702311933e-08 1.3427211987226561e-08 2.5766548363845505e-12 0.9999998837925114 2.4353710465543153e-08 7.40658896484229e-13 3.0099566360823004e-12 1.7910159757412298e-09 1.0726021753372869e-10 1.3220035880567431e-08 
5.672547601655718e-09 1.0051362820642363e-07 7.705545172480401e-08 1.2587204225067594e-05 0.0010578221170102994 8.909579885462782e-09 0.9989293640450697 1.3738520401351132e-10 1.1918719831563434e-10 3.422591508094206e-08 
0.9999951395705523 1.6315983445614667e-12 1.570724843179944e-07 1.1500746152355386e-09 1.7134212182153464e-12 1.8438352598776075e-11 1.7385681559173748e-09 4.696650527463446e-06 3.195519793089853e-09 6.004902435134939e-10 
3.0056739464184096e-08 2.8547906058370344e-10 0.8088196803430519 9.910518865240907e-07 0.19117911510160723 2.811837465348568e-10 1.8287768745326393e-07 2.363834209064664e-12 1.0051749048508103e-17 3.4265527733950176e-16 
2.3988528098496283e-10 2.96197262380602e-14 3.0720528857733937e-11 8.548806481588987e-17 1.2217727656074651e-15 2.4554602089467232e-14 0.9999999996569638 5.323274584324635e-13 7.154937451376366e-11 2.930194966375074e-13 
9.91324712738181e-11 0.9999999998553861 1.6748755089654293e-11 7.424634106275278e-18 1.9195916578610415e-14 2.905958095839948e-16 6.0503740689782565e-12 1.6620963388035867e-11 6.039374791773498e-12 2.6567416312121396e-15 
1.700179220146079e-06 2.359761054164774e-13 4.1137885711224644e-12 4.3579727654057337e-13 1.6022064453561246e-13 3.2617659583371566e-14 0.9999982998154064 3.606792575751316e-13 2.4894331902145313e-17 3.416239250234015e-14 
2.718707245461242e-06 5.024609679672404e-06 4.965304599504663e-06 1.752140169163944e-05 2.726684747995813e-12 1.330211068743998e-12 5.357245032937932e-10 1.9115684514934185e-09 0.9999685291521304 1.2383733036692228e-06 
6.599912323502401e-13 1.1709198696727375e-08 0.43375778971850704 2.0897542271686836e-08 3.9055203399269515e-10 0.3360159103709412 9.926622104127934e-16 0.23022626684423303 2.6765638547547033e-13 6.809704993708573e-11 
2.3981821792623604e-16 3.31766008711179e-11 0.9999999968979785 2.905144865919899e-10 1.8476831449765134e-11 5.66788826736683e-15 2.148282191207634e-09 4.918461736321329e-14 6.066978665963518e-10 4.818568036177446e-12 
0.9999975236153805 2.0061809643373733e-11 1.1487810911334975e-06 1.7658725351973163e-10 2.9924683870054896e-14 4.0143103667841887e-17 1.138289957885044e-13 3.802649195132552e-15 1.3273929787120126e-06 1.375305444302242e-11 
6.4542562751528426e-15 2.088672575676892e-14 1.9446688693974668e-15 0.9999999999833968 2.490204734756043e-16 9.602329159984897e-15 7.930854231738147e-12 5.197446086553603e-12 3.282232356093843e-12 1.5360816836826684e-13 
5.070090813590915e-08 2.589262825814147e-08 0.9996301925808792 5.016771575664511e-07 9.906597161360416e-11 9.883262532271095e-12 0.00036922866178651603 5.383972500148014e-16 6.91723526998119e-12 3.70773612366842e-10 
4.3507164572316107e-13 1.6668327417522776e-09 5.178339880558813e-16 8.643101284228523e-15 0.9999999983254768 2.4563822322215233e-14 3.394380910299621e-16 3.4958292979780055e-12 3.725744957213442e-12 1.428032037455917e-16 
4.03247866620522e-15 3.07252916011611e-10 0.9999999996927339 5.511279432610623e-15 4.132897817593631e-16 3.340788600494332e-18 2.8930038672121273e-18 7.975781729063004e-17 3.2329383699768583e-15 5.1338230372406705e-17 
8.022770536778113e-12 2.838445383788485e-14 4.371710695654892e-15 2.3812270091624403e-08 3.293230092732225e-14 6.3564390606473524e-15 0.9999998727378744 2.28420463174385e-17 1.0344018546411822e-07 1.5754377591900557e-12 
1.2470448885269007e-09 9.167308574014257e-18 3.253591359392779e-13 0.9999999694250172 8.789481014917235e-11 1.797174531145996e-14 2.9239340573504757e-08 7.630452859618719e-15 5.913098424810299e-15 3.456312094475678e-13 
7.449178715758956e-09 1.3844296818927973e-10 1.8075861799853793e-10 2.7941724773272597e-07 0.9998552564298306 1.1912217357211089e-06 2.966115871081486e-12 4.638407627287166e-17 0.00014326398145020404 1.178389019405666e-09 
2.786949309924638e-17 4.99220131570344e-18 2.748477289160493e-17 6.186014042316054e-11 7.466239558307832e-16 0.9999999999250547 3.953057266456921e-21 3.9578955949193694e-16 1.3083875725840405e-11 2.013449944230497e-21 
3.4446113933050646e-20 4.1262362942881864e-08 7.343698586386582e-11 2.3619939505561677e-11 0.9999999586159881 1.7521293913272063e-11 8.633615439963361e-16 7.0540361290639564e-12 1.1216316578308523e-15 1.4776042890725442e-14 
2.570931919828364e-05 1.2678138880841609e-07 2.598538865065049e-12 3.975539030065694e-14 0.2931825079498041 1.0718077193073609e-10 1.9801087217807046e-09 4.514841139813443e-13 2.905838128065427e-15 0.7067916538592269 
1.7700139588070735e-14 6.096126976520418e-16 1.9892962171468835e-10 8.343996008540234e-15 2.0501643910532786e-08 0.9999999792082676 9.06710603704011e-11 6.013826968850058e-14 8.08699025479598e-16 4.0049421474423047e-13 
9.378085677440892e-11 1.1210127286359748e-13 1.4285601641709683e-12 2.037922766453855e-06 1.7025461119493226e-15 1.5721773021664557e-15 4.814528648821551e-08 2.1351189666107545e-12 1.1427289071382743e-13 0.9999979138343731 
1.4796211763502177e-13 2.5161103742996553e-13 2.7903388879488254e-11 1.4470229756755954e-19 0.9946525642622724 0.00534743251030503 2.239463242481902e-16 2.8899614613786093e-13 1.124137727483802e-09 2.074692600466894e-09 
6.861508021286291e-12 2.404232896426187e-10 3.6907244046655004e-08 0.9999458523629972 2.099574460979422e-09 1.7611609727340408e-14 6.881003190895088e-11 1.5620883910972983e-08 9.594858397470143e-09 5.408309832937085e-05 
6.2654423002546395e-15 1.7420704320503346e-13 1.8069070039633855e-20 7.202537569768649e-19 7.665402076286869e-14 7.25894068631355e-08 5.775177991291602e-07 6.349658879966387e-19 1.3393802636404672e-12 0.9999993498911977 
1.7542903041690134e-07 0.9999998202665396 2.125663969908469e-11 3.350652064513544e-10 3.48237901043411e-10 2.3601917176114225e-12 2.021068604207697e-11 3.4286524694880924e-09 1.1463637271255906e-10 3.4010363481063394e-11 
9.439352686030924e-15 4.118634535173189e-09 3.1851936056207244e-11 1.4864326956028142e-13 2.8557001280815774e-14 1.0099381855495292e-13 6.786850745413017e-13 3.545924231220682e-12 0.999999995842981 2.0203228801532436e-12 
1.023633772530738e-13 2.1726676782619878e-09 4.647458576905085e-06 7.244833203821004e-11 1.2789344815908809e-09 0.9500042658905019 1.954152525281064e-10 2.2691441638579706e-09 0.04801108209505736 0.0019799985671511496 
4.5143265232683073e-13 1.334027897466432e-11 2.7067475334567422e-11 1.491102607896742e-08 1.8582352236503402e-11 0.0757473946632024 4.999539406521028e-06 0.9242474535056175 1.3732127971592656e-07 2.62381984816271e-14 
4.462303501561328e-11 3.375499104332656e-10 5.687327021574023e-12 4.367504519051504e-09 2.046451285048413e-10 0.9999999534449826 2.0706787681269328e-15 4.1963675774461844e-11 4.1619209398450946e-11 4.151142272545598e-08 
1.3340307211828066e-15 1.3605290928911123e-15 8.045802526409812e-17 2.108111833986319e-11 0.9999999999442942 9.930818849277169e-16 5.5344914824845126e-12 2.8311614521760254e-11 1.8647921640850978e-13 5.884022382905847e-13 
1.1386489348673421e-17 1.0194763544638671e-06 8.864073123296787e-12 1.0346809392948855e-13 0.9999988785209201 9.265220257844786e-08 1.5000802279638003e-11 2.780728144637453e-13 9.27782935967755e-09 4.844694799864248e-11 
1.2650758013442092e-10 1.4099314513678278e-12 4.885596282310511e-16 1.8565370271206234e-14 1.158432813258022e-16 1.7732550266445567e-18 5.004636985877573e-15 0.99994212429399 5.787557772779505e-05 3.4075760420349467e-13 
1.5495836565418166e-15 5.889517729434496e-16 7.929750402229106e-19 6.579844208689537e-17 1.1153669984370977e-15 1.7629015217904397e-23 3.86800184276822e-15 1.635989734023883e-10 3.6304520862298203e-16 0.9999999998363935 
1.5179308506790304e-18 1.6383493805123703e-05 1.8947701373373848e-13 6.875297001358475e-17 1.1147010393122423e-12 4.7399274130284716e-12 9.31355162981288e-16 1.1094508309814989e-12 0.9999836158575464 6.414938625543105e-10 
7.801756675001586e-10 1.1457303123038136e-12 2.215993023057157e-09 1.5405811859904362e-06 9.661071558751304e-11 1.1559195694615292e-05 1.3464248970616887e-05 2.1913676604732155e-09 0.9999734306885125 3.4359672733043057e-13 
5.317943897000548e-12 2.3857581038636647e-09 6.686991499595073e-13 0.9999999933829694 6.156845292696343e-18 9.237301831829162e-14 3.6435921311546664e-14 4.2251566164655265e-09 5.019343199886274e-17 2.8143408334322845e-17 
4.83433914310766e-08 1.1772318963249337e-11 1.1605425054579592e-07 1.4121361138360815e-11 5.202995520730677e-16 1.685017988786099e-13 1.6968835722748285e-11 0.9999998271655066 4.2015552630659136e-14 8.393777984469561e-09 
0.9999999998964112 2.288464337013944e-20 2.081458165067186e-16 1.1316848094063916e-12 1.4881760276413067e-11 1.1947509943257643e-14 8.743938051461149e-15 1.9659768805228087e-11 1.0886922511810773e-13 6.778586892280883e-11 
1.6708212120929224e-12 1.7364184286477062e-12 0.9999999999226322 1.7425762378027506e-13 4.992818994116622e-11 2.2631878469852597e-11 2.862446523384869e-18 4.0151178099078803e-14 1.998946156039583e-16 1.1856554509480389e-12 
8.870581030943011e-16 5.27502234887711e-10 2.968359997483815e-19 2.022634325666775e-22 0.999997984785915 1.5028698026872558e-15 1.869723741175058e-13 3.304854081557428e-10 2.0140806732929175e-06 2.7523473321965724e-10 
3.29245982205868e-21 6.314402145456669e-11 3.3819076089847377e-18 6.217249034204105e-18 1.584559704351668e-11 1.1802320216196132e-19 3.136860953881285e-13 5.370443094951156e-13 0.9999999998425052 7.765440524701133e-11 
1.2398779450907816e-05 1.6166263594072536e-07 0.9999578387279607 5.123429716836319e-11 2.9324874990873443e-11 2.960035649778592e-05 3.7633086866538775e-10 1.6562555143143618e-11 5.065076926307367e-16 1.4878412856235958e-15 
1.3697526573164766e-09 1.7541372153579453e-11 4.318730326156059e-12 2.1770551029339036e-10 0.0013018413325974877 0.9986980127637854 1.318639595979994e-07 1.2429636840888765e-08 2.488926015489145e-21 7.024056049839002e-13 
6.864866404839894e-17 0.9999999996218065 3.468115406676352e-14 1.0014478171392264e-16 5.099606233486483e-14 3.7809537393306154e-10 3.076283541690655e-18 9.90323738275252e-19 9.101418877060618e-15 3.1211482273904846e-15 
6.2593105982488465e-06 1.569949826565929e-12 1.2040387774399488e-08 3.855971740871169e-16 9.458527094743684e-10 2.146779826522079e-12 7.991781955501959e-11 3.500631423238319e-21 0.9999937194555978 8.163928582842739e-09 
1.4098248714076652e-08 1.9994205672487524e-08 4.291992140696149e-12 1.7565303203328644e-13 8.41357031626516e-12 3.717521272488554e-16 3.9797168620657174e-10 1.077007029315454e-14 2.2065329714757857e-12 0.9999999654944752 
